395 1185
0 12
0 190
0 312
0 18
0 10
0 55
0 113
0 28
0 7
0 51
0 161
0 41
0 242
0 4
0 47
0 340
0 206
0 143
0 2
0 197
0 81
0 264
0 196
0 134
0 257
1 2
1 192
1 193
1 236
1 112
1 121
1 19
1 190
1 7
1 30
1 353
1 50
1 191
1 29
1 98
1 296
2 194
2 296
2 103
2 217
2 58
2 192
2 94
2 107
2 255
3 215
3 10
3 120
3 5
3 51
3 190
3 193
3 243
3 97
3 70
3 147
3 26
3 9
4 72
4 247
4 346
4 17
4 16
4 38
4 11
4 307
4 49
5 202
5 15
5 123
5 68
5 352
5 98
5 205
5 191
5 334
5 57
5 9
5 206
5 153
5 315
5 195
5 311
5 164
6 53
6 200
6 275
6 148
6 246
6 193
7 203
7 119
7 347
7 222
7 76
7 164
7 189
7 210
7 14
7 128
7 273
7 297
8 355
8 301
8 212
8 93
8 235
8 21
8 66
8 30
8 24
8 55
8 9
8 65
9 115
9 64
9 215
9 205
9 41
10 352
10 191
10 221
10 353
10 127
10 79
10 115
10 146
10 164
10 332
10 98
10 29
11 13
11 230
11 201
12 49
12 207
12 15
12 203
12 347
12 363
12 314
12 258
12 215
12 40
12 113
12 41
12 245
13 108
13 266
13 103
13 267
13 145
13 69
13 41
13 47
13 23
13 33
13 121
14 106
14 197
14 308
14 32
14 226
14 326
14 193
15 172
15 38
15 109
15 176
15 17
15 191
15 80
15 228
15 203
15 116
16 63
16 209
16 109
16 207
16 38
17 37
17 59
17 39
17 108
17 63
17 191
17 21
18 115
18 261
18 64
18 203
18 23
18 196
18 79
18 199
18 220
18 42
18 47
19 25
19 99
19 22
20 141
21 25
21 100
21 304
21 66
21 46
21 24
21 30
22 213
22 166
22 384
22 258
22 56
23 228
23 59
23 169
23 29
23 94
23 192
23 41
23 55
23 376
24 82
24 97
24 33
24 189
24 234
24 26
24 321
24 323
24 69
24 218
25 132
25 173
25 91
25 247
25 138
25 28
25 126
26 262
26 131
26 73
26 336
26 39
26 286
26 72
26 48
26 78
26 227
27 30
27 28
27 111
27 339
27 54
27 228
27 295
27 129
28 154
28 48
28 32
28 60
28 221
28 382
28 33
29 113
29 175
29 34
29 239
29 217
29 303
29 57
30 216
30 240
30 133
30 224
30 221
30 54
31 53
31 36
31 121
31 95
32 223
33 40
33 222
33 143
33 204
33 246
33 53
33 134
33 343
33 235
33 349
33 287
33 85
33 37
33 106
33 80
34 298
34 232
34 91
34 156
34 90
34 329
34 191
34 238
35 61
35 236
35 96
35 36
35 204
35 66
35 109
35 37
36 107
36 202
36 268
36 112
36 70
36 204
36 285
36 83
36 42
37 116
37 44
37 161
38 120
38 44
38 202
38 41
38 139
39 228
39 326
39 63
39 332
39 241
40 267
40 197
40 210
40 41
40 46
41 56
41 283
41 169
41 278
41 302
42 115
42 73
42 44
42 87
42 125
44 239
44 114
44 110
44 127
44 175
44 142
45 70
45 85
45 205
46 214
46 117
47 190
47 77
47 346
47 71
47 275
47 168
47 94
47 76
47 245
47 82
47 328
47 54
47 349
48 95
48 125
48 157
48 55
48 249
48 49
48 192
48 52
48 73
48 353
49 95
49 268
49 77
50 193
50 152
50 143
50 71
50 267
50 111
50 108
50 265
50 219
50 363
51 265
51 257
51 208
51 354
51 71
51 62
51 56
52 223
52 161
52 389
52 258
52 369
52 215
53 96
53 150
53 91
54 260
54 57
54 61
54 270
54 257
54 248
54 75
54 358
55 293
55 95
55 154
55 66
56 248
56 183
57 200
57 292
57 67
57 246
58 353
58 346
59 220
59 190
59 202
59 368
59 156
59 366
60 144
60 197
60 359
60 157
60 298
60 106
61 83
61 190
61 124
61 87
62 272
63 215
63 231
63 68
63 270
63 92
63 247
63 73
64 211
64 106
64 150
65 197
65 251
65 205
65 150
66 69
66 149
66 156
66 96
66 163
67 227
67 139
67 153
67 86
67 239
67 312
68 332
68 253
68 110
68 225
68 167
69 267
69 155
69 323
69 242
69 186
70 324
70 174
70 274
70 90
70 145
70 267
70 147
71 375
71 85
72 81
72 137
72 270
72 146
73 82
73 333
73 245
74 178
74 162
74 147
75 366
75 188
75 79
76 222
76 164
77 222
77 125
77 256
78 299
78 84
78 181
78 182
78 95
78 166
80 231
80 179
80 168
80 177
80 270
80 280
81 273
83 233
83 229
84 158
84 292
84 173
84 264
85 394
85 240
85 284
85 292
86 267
86 122
86 352
86 236
87 373
87 291
89 370
89 145
89 156
89 206
90 91
91 210
92 265
92 277
92 208
94 322
94 193
94 309
94 114
94 324
94 135
94 139
95 357
95 120
95 296
95 321
95 98
95 340
95 121
95 256
95 170
95 373
95 134
96 162
96 156
96 319
96 324
97 103
97 156
97 181
97 127
97 219
98 328
98 159
98 123
98 182
98 311
99 111
99 192
99 340
100 303
100 121
100 143
100 167
100 336
101 147
101 222
101 305
101 327
101 236
101 179
101 379
102 136
102 318
102 333
102 117
102 131
103 129
103 356
103 151
103 116
103 119
103 301
104 111
104 163
104 115
105 214
105 219
105 167
105 146
105 129
106 123
106 113
106 132
106 361
106 323
106 282
106 138
106 313
107 316
107 136
107 196
107 337
108 300
108 145
108 132
108 366
109 322
109 159
109 115
110 111
110 288
110 259
111 378
111 311
112 170
112 156
112 271
113 155
113 240
113 308
114 149
114 286
114 196
114 165
115 179
115 116
115 211
115 125
115 313
115 170
115 193
115 164
116 188
116 340
116 361
116 149
116 212
116 127
117 318
117 320
118 142
118 146
118 157
118 369
119 160
119 200
119 322
119 184
119 330
119 174
119 307
119 325
119 172
119 135
120 158
120 323
120 354
120 169
120 358
121 141
121 338
121 144
121 195
121 355
121 256
122 333
122 332
122 172
123 323
123 195
124 128
125 224
125 323
125 330
127 134
127 174
128 130
128 173
129 327
130 226
130 198
130 240
131 297
132 216
133 188
133 343
134 200
134 361
134 206
135 330
136 180
136 189
136 175
137 267
138 292
138 152
139 262
139 306
141 364
141 231
141 149
142 305
143 257
143 179
143 144
143 146
144 156
144 145
144 190
144 244
144 215
144 298
145 360
145 169
145 212
145 151
146 257
146 348
146 351
146 183
146 369
146 157
147 360
147 150
149 301
149 251
149 197
150 256
150 162
150 307
150 175
150 242
150 154
151 177
152 171
153 357
153 159
153 214
153 367
154 175
154 380
155 158
155 190
156 169
156 322
157 308
157 389
157 170
157 323
157 295
157 168
158 309
158 261
159 204
160 374
160 254
161 359
161 363
161 170
162 303
162 312
162 189
163 362
163 183
164 314
165 306
166 299
167 393
168 194
169 180
169 347
169 245
169 382
170 297
170 298
170 190
171 372
171 188
172 295
172 378
173 195
174 353
174 238
174 373
174 176
174 361
175 200
176 179
177 346
177 215
177 291
177 374
177 385
178 284
178 271
179 336
179 282
180 385
180 245
181 376
183 360
184 196
184 382
185 312
185 289
186 362
188 222
189 215
189 282
189 243
189 194
189 365
189 256
189 245
189 202
189 346
190 229
190 195
190 325
190 338
190 329
191 199
191 244
191 198
191 208
191 268
191 215
191 212
192 217
192 193
192 219
192 194
193 215
193 221
193 273
193 202
193 196
193 374
193 302
193 322
193 246
193 220
194 249
194 215
194 198
195 281
195 218
195 357
195 274
196 218
196 350
196 313
196 206
196 215
196 302
196 210
196 211
196 328
196 216
197 252
197 322
197 248
198 202
198 212
198 289
199 370
199 223
199 321
199 330
200 201
200 300
200 211
200 237
200 318
200 303
200 232
201 336
201 269
201 356
202 247
202 227
202 255
202 248
202 306
202 206
202 321
202 210
202 295
202 296
203 288
203 307
203 254
203 302
204 212
204 309
205 315
205 218
205 319
205 207
206 336
206 376
207 244
207 310
208 259
208 316
208 209
209 341
209 336
209 320
209 269
209 246
210 214
210 227
210 236
210 260
210 331
210 240
211 382
211 221
212 313
212 237
212 272
212 256
212 301
212 309
213 266
214 305
214 266
215 301
215 267
215 257
215 226
215 306
215 220
215 244
215 222
216 354
216 243
216 286
216 272
216 375
217 229
218 228
218 224
219 377
219 327
219 231
219 220
219 270
220 346
221 276
221 234
221 263
223 279
223 302
223 375
223 356
224 325
224 276
225 265
227 233
227 321
227 235
228 339
228 333
228 232
228 382
229 330
229 383
230 307
230 263
231 324
232 277
233 303
233 343
234 269
236 324
237 278
237 275
238 247
238 291
239 394
239 265
239 241
240 326
240 304
240 328
242 297
242 321
242 246
242 296
242 325
243 249
243 349
244 360
244 361
244 355
244 255
244 250
245 346
246 346
246 350
246 300
247 349
248 270
248 353
249 353
249 273
249 346
250 273
250 258
250 252
251 392
251 349
251 376
251 361
252 354
252 270
252 393
253 254
254 263
255 281
255 360
255 308
255 313
256 257
256 375
257 299
258 368
258 309
258 337
258 362
259 297
259 286
260 262
261 264
262 293
263 264
263 316
264 292
265 289
266 360
266 331
267 388
267 290
268 372
269 392
269 334
269 326
270 326
270 275
271 285
272 277
273 379
274 292
274 287
275 355
275 288
276 373
278 317
278 279
279 293
282 333
283 372
283 292
284 338
285 292
286 345
287 306
287 382
289 330
291 380
293 318
293 302
295 321
295 332
295 342
295 353
295 323
296 297
296 358
297 331
297 306
298 348
298 329
298 321
298 312
299 333
300 333
302 314
304 311
304 377
304 378
305 376
305 320
306 314
306 307
306 309
306 347
306 342
306 308
306 361
307 317
310 338
310 333
310 313
310 328
312 327
313 315
314 356
314 338
315 383
318 389
318 366
318 364
319 387
319 340
321 375
321 322
321 372
322 379
322 354
322 333
323 374
324 375
327 391
328 333
329 350
330 343
333 357
335 341
337 341
339 341
339 393
346 347
346 379
347 348
351 361
353 355
356 385
359 382
361 370
363 369
364 386
371 394
373 377
374 383
374 391
375 377
376 387
379 383
381 394
385 390
